1
2
6
8
9
10
13
14
15
25
27
29
35
36
45
48
54
57
58
61
69
72
79
80
83
91
92
95
98
99
101
102
107
108
112
115
119
121
127
128
130
131
132
133
137
142
143
146
148
150
154
156
157
159
163
165
169
175
184
187
194
195
196
198
206
209
210
213
217
227
229
233
237
239
245
259
260
265
274
276
279
281
287
290
295
298
305
306
312
315
317
318
327
330
332
336
337
342
346
347
348
351
356
357
360
364
365
366
372
373
379
381
382
383
386
388
389
399
400
401
406
407
409
411
420
421
424
428
430
433
434
437
442
446
450
467
468
470
474
476
478
479
480
483
499
500
502
503
505
507
510
511
517
523
528
533
534
535
536
540
543
545
546
548
549
551
554
555
561
562
568
571
574
581
586
593
597
598
602
603
610
612
613
623
624
627
628
637
639
642
646
655
663
665
669
672
674
675
678
679
680
682
683
686
688
692
693
694
698
703
708
709
710
713
716
717
722
731
741
743
748
750
751
760
766
767
770
771
775
777
789
790
791
794
799
801
805
806
818
820
830
838
840
842
844
849
856
862
867
868
872
883
884
890
891
892
895
906
907
909
910
912
916
924
931
933
936
937
947
952
953
955
957
959
967
970
971
972
977
979
980
982
983
984
985
995
1006
1015
1016
1018
1022
1028
1030
1050
1053
1058
1061
1062
1064
1068
1071
1074
1075
1076
1079
1080
1084
1091
1096
1102
1103
1104
1105
1108
1109
1113
1114
1115
1116
1117
1118
1127
1135
1138
1155
1157
1159
1161
1162
1163
1165
1166
1180
1181
1184
1189
1190
1198
1199
1205
1208
1209
1215
1216
1220
1234
1238
1239
1240
1243
1244
1245
1254
1256
1257
1258
1259
1261
1263
1265
1266
1268
1280
1282
1283
1284
1286
1292
1293
1294
1295
1310
1312
1314
1323
1330
1339
1340
1345
1357
1362
1365
1366
1367
1375
1380
1381
1383
1384
1385
1389
1392
1395
1397
1398
1399
1401
1406
1407
1408
1413
1414
1419
1425
1434
1437
1447
1450
1451
1452
1454
1455
1458
1460
1463
1467
1468
1477
1479
1482
1493
1495
1496
1498
1500
1507
1509
1514
1515
1529
1530
1531
1534
1536
1545
1547
1549
1550
1554
1558
1563
1565
1566
1567
1571
1588
1591
1595
1600
1602
1603
1607
1610
1611
1614
1616
1617
1620
1622
1630
1634
1636
1640
1641
1653
1658
1664
1665
1668
1670
1681
1683
1684
1685
1692
1695
1697
1698
1708
1710
1713
1720
1727
1728
1729
1732
1733
1735
1736
1740
1742
1745
1747
1754
1757
1758
1759
1762
1764
1768
1769
1771
1773
1775
1777
1780
1785
1792
1795
1796
1800
1801
1803
1807
1808
1809
1811
1812
1815
1817
1819
1823
1828
1831
1832
1834
1837
1844
1851
1853
1856
1857
1861
1865
1867
1868
1874
1875
1876
1878
1880
1883
1899
1901
1902
1903
1904
1906
1908
1910
1913
1914
1915
1917
1920
1926
1927
1930
1931
1933
1942
1947
1952
1953
1961
1962
1964
1970
1972
1979
1980
1983
1984
1986
1994
2002
2005
2006
2016
2017
2021
2023
2024
2026
2027
2028
2030
2032
2034
2035
2036
2039
2050
2054
2055
2056
2058
2059
2064
2066
2071
2077
2078
2080
2081
2082
2083
2084
2085
2086
2101
2102
2106
2112
2113
2116
2121
2122
2123
2124
2126
2128
2131
2136
2137
2138
2140
2144
2147
2149
2152
2155
2160
2161
2162
2164
2168
2175
2178
2179
2180
2183
2184
2191
2197
2198
2199
2201
2202
2203
2208
2210
2218
2219
2221
2222
2228
2233
2234
2245
2247
2249
2255
2259
2261
2269
2271
2276
2277
2278
2280
2281
2285
2287
2288
2291
2296
2302
2310
2312
2314
2315
2316
2324
2325
2330
2331
2336
2337
2338
2341
2352
2353
2355
2358
2363
2399
2412
2413
2415
2416
2417
2420
2424
2425
2427
2431
2432
2433
2437
2439
2446
2449
2452
2454
2459
2461
2463
2465
2538
2539
2543
2546
2548
2549
2552
2556
2558
2559
2560
2563
2567
2569
2570
2575
2578
2581
2582
2584
2586
2587
2592
2603
2607
2613
2622
2626
2711
